-,-,-
-83.251953, 29.296875, 1032.226562
-53.955078, 55.664062, 886.230469
-105.224609, 43.945312, 966.796875
-128.173828, -22.216797, 977.539062
-210.693359, -7.568359, 817.382812
-285.400391, -32.958984, 742.187500
-383.056641, -70.556641, 647.949219
-342.529297, -72.509766, 601.562500
-314.208984, -76.904297, 599.121094
-293.212891, -135.498047, 684.570312
-84.716797, -176.513672, 691.406250
-96.923828, -208.740234, 699.707031
229.003906, -267.822266, 1159.179688
281.250000, -133.544922, 1182.617188
487.792969, -361.572266, 1535.644531
409.179688, -299.560547, 1489.257812
330.078125, -240.478516, 1350.097656
190.917969, -191.650391, 1366.210938
215.332031, -88.623047, 1208.984375
22.460938, -142.822266, 1437.500000
-70.556641, -153.076172, 1423.339844
-84.716797, -81.787109, 1395.507812
-79.833984, -56.396484, 1253.906250
-168.701172, -114.501953, 1446.289062
-71.533203, 2.929688, 1112.792969
-95.458984, 61.523438, 911.621094
-211.669922, -7.080078, 971.679688
-99.365234, 20.507812, 691.894531
-35.888672, 69.335938, 583.007812
-215.576172, -153.076172, 556.640625
-152.587891, -88.623047, 468.261719
-138.916016, -129.638672, 520.996094
-204.345703, -216.064453, 566.894531
-173.583984, -256.591797, 612.304688
-156.982422, -264.892578, 636.718750
-79.833984, -248.779297, 604.492188
21.484375, -233.154297, 711.914062
105.957031, -178.466797, 669.921875
147.460938, -86.669922, 726.074219
172.851562, -106.201172, 772.460938
41.015625, -98.388672, 829.589844
24.902344, -85.693359, 967.285156
-224.365234, -111.083984, 959.472656
-360.595703, -69.580078, 979.492188
-682.373047, -103.271484, 1125.000000
-663.330078, -108.154297, 1416.992188
-667.724609, 1047.851562, 1999.755859
-274.658203, 131.835938, 470.703125
3.906250, 184.570312, 119.140625
1.464844, -47.119141, 801.269531
-268.798828, -56.396484, 1024.414062
-197.021484, -116.943359, 1187.500000
-114.501953, -63.232422, 708.007812
-100.830078, -11.474609, 826.660156
-205.322266, -94.970703, 1326.660156
-,-,-
-257.080078, 102.539062, 1050.781250
-208.740234, 121.093750, 988.281250
-130.615234, 125.000000, 894.531250
-171.630859, 55.664062, 1002.929688
-191.162109, 1.464844, 888.671875
-159.423828, -180.419922, 814.453125
-118.408203, -248.779297, 716.796875
-36.865234, -337.158203, 631.835938
-91.552734, -433.837891, 748.046875
-7.080078, -321.044922, 566.406250
-29.052734, -312.255859, 770.507812
-17.822266, 29.296875, 752.441406
78.613281, 257.812500, 639.648438
-326.904297, 389.648438, 1110.351562
2.929688, 635.742188, 650.390625
-286.376953, 394.531250, 1475.097656
-268.798828, 126.464844, 1603.515625
-14.892578, 6.835938, 1176.757812
-508.544922, 125.488281, 1917.968750
-276.123047, 545.410156, 1073.242188
-129.638672, 253.906250, 904.785156
-81.787109, -48.095703, 884.277344
-287.353516, -133.544922, 1255.859375
-266.357422, -142.822266, 1538.085938
-387.451172, -105.224609, 1633.300781
-201.904297, 1.464844, 1265.625000
-199.951172, 30.273438, 1361.328125
-198.974609, 35.156250, 984.863281
-116.943359, 170.410156, 728.515625
-157.470703, 68.359375, 748.046875
-41.748047, 206.054688, 458.007812
-151.611328, -11.474609, 551.757812
-247.802734, -219.482422, 606.445312
-145.751953, -218.017578, 613.281250
-232.177734, -251.708984, 624.511719
-249.267578, -222.412109, 705.078125
-220.458984, -18.310547, 529.296875
-199.951172, 145.507812, 542.480469
-259.033203, 271.484375, 601.562500
-213.134766, 340.332031, 580.078125
-165.771484, 379.882812, 768.554688
-101.806641, 194.335938, 744.140625
-38.818359, 83.007812, 888.671875
-199.951172, -186.279297, 1262.695312
-155.029297, -475.830078, 1354.003906
-154.052734, -708.740234, 1170.898438
-594.482422, -714.599609, 1999.755859
7.812500, -556.396484, 1581.542969
40.039062, -69.091797, 786.132812
-72.509766, -230.224609, 928.710938
-94.970703, -238.525391, 1127.929688
-114.501953, -67.138672, 844.726562
-198.486328, -80.810547, 909.667969
-,-,-
-127.685547, -21.728516, 838.867188
-199.462891, -55.419922, 922.851562
-143.310547, -35.888672, 822.265625
30.273438, -126.708984, 689.453125
59.570312, -116.943359, 612.304688
27.832031, -150.146484, 627.929688
189.453125, -158.935547, 650.390625
-24.169922, -79.833984, 628.906250
111.328125, -111.083984, 694.824219
-178.955078, -223.388672, 981.445312
-221.435547, -57.373047, 658.203125
-560.791016, -154.052734, 1217.773438
-637.939453, -16.357422, 1087.890625
-482.177734, 368.164062, 1999.755859
-591.064453, 379.882812, -275.146484
-3.662109, -67.626953, 744.628906
-98.876953, 5.859375, 585.937500
-119.384766, -176.513672, 1203.125000
-279.541016, -230.224609, 1427.246094
-236.572266, -191.162109, 1690.429688
-210.205078, -63.232422, 1584.472656
-206.787109, 1.464844, 1375.488281
-217.041016, -27.099609, 1245.117188
-182.373047, -6.591797, 1059.570312
-166.748047, 87.890625, 688.476562
-79.833984, 74.218750, 796.875000
-222.900391, -4.638672, 729.003906
-242.431641, 40.039062, 520.996094
-206.787109, -32.958984, 637.695312
-145.263672, -86.669922, 667.968750
-191.162109, -90.576172, 552.734375
-223.876953, -174.560547, 589.843750
-338.134766, -152.099609, 438.476562
-281.494141, -150.146484, 482.421875
-304.931641, -92.529297, 544.433594
-251.708984, -51.025391, 463.378906
-169.189453, 20.996094, 816.406250
-255.126953, 66.406250, 850.585938
-108.642578, 106.445312, 949.218750
-81.787109, 140.136719, 922.851562
137.695312, 140.136719, 1062.988281
186.523438, 49.804688, 1015.136719
351.074219, -526.123047, 1322.753906
746.582031, -417.236328, 1999.755859
-23.193359, 1035.644531, 287.597656
99.609375, -88.623047, 1010.742188
165.527344, 90.820312, 615.722656
-113.525391, 32.226562, 1008.300781
-186.279297, 7.812500, 1138.671875
-215.576172, -119.384766, 884.277344
-152.587891, 41.015625, 989.257812
-124.755859, 15.625000, 987.792969
-218.505859, 11.718750, 891.601562
-,-,-
-54.443359, -194.580078, 731.445312
-94.970703, -88.623047, 703.125000
-207.763672, -193.115234, 804.199219
-79.345703, -138.427734, 652.343750
-155.517578, -308.349609, 749.023438
-101.806641, -423.583984, 608.398438
-71.533203, -445.068359, 597.167969
-119.384766, -526.611328, 660.156250
102.050781, -307.373047, 599.609375
0.000000, -4.638672, 514.160156
-45.166016, 125.976562, 715.820312
-97.900391, 291.992188, 1018.554688
-191.162109, 404.296875, 1176.269531
-213.623047, 186.523438, 1595.703125
-188.232422, 168.457031, 1543.945312
-529.541016, 193.847656, 1845.214844
-153.076172, 456.542969, 957.519531
-17.333984, 59.570312, 913.085938
-161.376953, -140.869141, 1049.804688
-9.521484, -124.755859, 1395.507812
-132.568359, -153.076172, 1580.078125
-186.767578, -61.279297, 1473.632812
-115.966797, 53.710938, 1410.156250
-165.283203, 47.851562, 1069.335938
-159.423828, 66.406250, 1042.968750
-148.681641, 122.070312, 991.210938
-60.302734, 127.929688, 763.671875
-102.783203, 5.859375, 469.238281
-238.037109, -240.478516, 891.113281
-207.275391, -307.861328, 642.578125
-55.908203, -154.052734, 449.218750
-181.396484, -216.064453, 443.359375
-212.158203, -174.560547, 526.367188
-139.892578, -101.318359, 556.640625
-190.185547, -37.841797, 546.875000
-194.091797, 145.019531, 513.671875
-192.138672, 238.281250, 550.292969
-210.693359, 259.765625, 698.242188
-229.736328, 160.156250, 799.804688
-264.404297, 105.468750, 1021.484375
-143.310547, -5.615234, 1047.851562
-96.923828, -127.197266, 1143.066406
-52.001953, -141.357422, 1186.523438
-106.689453, -271.240234, 1310.546875
-163.818359, -376.708984, 998.046875
-89.111328, -398.193359, 1192.871094
-356.689453, -707.275391, 1740.722656
-71.533203, -232.177734, 844.726562
-173.095703, -218.017578, 1057.128906
-54.931641, -175.537109, 992.675781
-139.892578, -263.916016, 1033.691406
-178.955078, -252.685547, 1007.324219
-,-,-
-40.771484, -142.822266, 706.542969
-47.607422, -132.568359, 717.773438
-18.310547, -221.435547, 751.464844
42.968750, -246.826172, 706.542969
20.507812, -330.810547, 851.074219
-32.958984, -57.373047, 441.894531
171.875000, -60.302734, 580.078125
-58.837891, 80.078125, 697.753906
2.441406, 7.812500, 878.417969
-221.435547, -27.587891, 869.140625
-423.583984, -148.193359, 977.539062
-659.912109, -424.560547, 1240.234375
-658.935547, -282.470703, 1407.226562
-431.884766, -164.306641, 1999.755859
-376.220703, 83.984375, 605.468750
-112.060547, -2.685547, 583.007812
-54.931641, -138.427734, 1141.113281
-91.064453, -234.130859, 1582.519531
-201.904297, -190.673828, 1565.429688
-311.767578, -163.818359, 1433.593750
-220.458984, -48.095703, 1182.617188
-219.482422, 17.578125, 1057.617188
-269.775391, -31.005859, 973.632812
-285.888672, -71.044922, 978.515625
-363.525391, -46.630859, 769.531250
-240.966797, -3.662109, 646.484375
-127.197266, 45.410156, 667.968750
-167.724609, -134.521484, 696.777344
-145.751953, -76.904297, 455.078125
-164.794922, -145.263672, 504.882812
-151.611328, -217.041016, 539.062500
-271.240234, -225.341797, 486.328125
-304.931641, -274.169922, 547.851562
-323.974609, -159.912109, 544.433594
-259.521484, -79.833984, 531.250000
-316.162109, -53.466797, 815.429688
-166.259766, 64.453125, 836.914062
-110.107422, 115.234375, 891.601562
-126.708984, 50.781250, 1000.000000
71.289062, 120.117188, 910.156250
-21.728516, -34.912109, 1201.171875
82.519531, -203.857422, 1255.859375
-199.951172, 270.996094, 1028.808594
303.222656, -305.908203, 1674.804688
450.195312, 116.699219, 1464.843750
272.949219, 25.878906, 1346.191406
165.527344, 10.742188, 1219.238281
15.136719, -19.775391, 966.796875
-35.888672, -93.017578, 1041.503906
-95.947266, -116.455078, 1019.531250
-152.587891, -139.404297, 996.093750
-180.419922, -127.685547, 1014.160156
-167.724609, -78.369141, 938.964844
-,-,-
-211.669922, -189.208984, 779.785156
-240.966797, -186.279297, 844.726562
-239.990234, -131.591797, 770.507812
-309.326172, -220.947266, 737.304688
-376.220703, -189.208984, 658.203125
-282.470703, -142.822266, 565.429688
-82.763672, -31.982422, 667.968750
-265.869141, -60.302734, 606.445312
-85.693359, -13.427734, 623.535156
-79.345703, -40.771484, 804.199219
-193.603516, -180.419922, 812.500000
60.546875, -219.482422, 1152.343750
147.460938, 272.460938, 1999.755859
321.289062, -144.287109, 1589.355469
275.390625, -190.673828, 1999.755859
427.246094, -139.892578, 1999.755859
313.476562, 183.593750, 985.839844
109.375000, 110.351562, 1149.414062
-54.443359, -3.173828, 1368.164062
-176.513672, -23.681641, 1313.476562
-200.927734, -6.591797, 1421.875000
-183.349609, 54.687500, 1169.433594
-177.978516, 90.820312, 1036.621094
-248.291016, -31.982422, 1042.480469
-85.205078, 63.476562, 860.839844
-81.787109, -28.076172, 666.015625
-85.693359, -140.380859, 708.007812
-6.103516, -226.318359, 563.476562
98.632812, -222.412109, 483.398438
100.585938, -302.490234, 723.632812
88.378906, -394.287109, 548.828125
102.050781, -413.330078, 503.906250
146.484375, -361.083984, 576.171875
161.132812, -194.580078, 531.250000
236.328125, -6.591797, 655.273438
108.886719, 50.781250, 616.210938
24.902344, 16.601562, 758.789062
-223.388672, 87.890625, 868.164062
-370.361328, 163.574219, 819.335938
-533.935547, 80.078125, 992.187500
-692.138672, 7.812500, 1165.527344
-672.607422, -305.419922, 1260.742188
-630.126953, -361.572266, 1213.378906
-958.251953, -226.318359, 1919.433594
-517.822266, -18.798828, 904.785156
-161.865234, -87.646484, 641.601562
-135.009766, -74.951172, 536.621094
-162.841797, -104.248047, 803.222656
-344.970703, -320.068359, 1575.683594
-164.794922, -186.279297, 962.402344
-37.841797, -66.162109, 676.757812
-,-,-
-114.990234, -541.748047, 967.773438
-142.333984, -624.267578, 801.269531
-45.166016, -476.318359, 672.851562
30.761719, -428.466797, 486.328125
-10.986328, -246.826172, 445.312500
79.589844, 9.765625, 345.703125
-62.744141, 17.578125, 666.992188
-237.548828, 79.101562, 898.437500
-110.595703, 62.500000, 1160.156250
-284.912109, 205.078125, 1373.535156
-126.220703, 517.578125, 1169.433594
-118.896484, 457.519531, 1606.933594
-822.021484, -559.326172, 1999.755859
-146.240234, 169.433594, 1369.140625
-109.619141, 98.144531, 695.800781
-236.572266, -290.283203, 1008.300781
-103.759766, -168.212891, 1144.042969
-178.955078, -64.697266, 1267.578125
-244.384766, -21.728516, 1598.632812
-265.869141, 9.765625, 1390.625000
-336.669922, -53.466797, 1243.164062
-336.669922, -171.630859, 1391.601562
-251.708984, -47.119141, 885.253906
-256.103516, 48.828125, 631.835938
-241.943359, 129.882812, 561.523438
-175.537109, -18.310547, 682.617188
-137.939453, -143.798828, 485.351562
-167.724609, -281.005859, 548.339844
-315.673828, -476.806641, 450.195312
-117.919922, -394.287109, 396.484375
-190.673828, -380.615234, 508.789062
-177.978516, -239.990234, 498.046875
-114.501953, 16.601562, 526.367188
-166.748047, 222.656250, 594.726562
-110.107422, 316.406250, 794.921875
-187.744141, 253.906250, 816.406250
-109.619141, 178.710938, 1032.714844
-70.556641, 14.648438, 864.257812
-133.056641, -280.029297, 1132.812500
-113.037109, -566.650391, 934.082031
365.234375, -126.708984, 414.550781
-262.939453, -872.314453, 1927.734375
64.941406, -729.248047, 1051.757812
125.488281, -234.619141, 1033.203125
-56.396484, -252.685547, 941.406250
45.898438, -125.732422, 1077.148438
-60.302734, -135.498047, 965.820312
-184.326172, -188.232422, 968.750000
-229.736328, -149.169922, 977.539062
-,-,-
-144.775391, -180.419922, 999.023438
-233.154297, -225.341797, 953.125000
-140.869141, -172.607422, 910.156250
-89.599609, -33.935547, 792.968750
-181.884766, 91.796875, 693.359375
-159.423828, 203.125000, 609.375000
-196.533203, 278.320312, 426.757812
-236.572266, 56.640625, 585.937500
-80.322266, -53.466797, 648.925781
44.433594, -346.435547, 739.257812
55.664062, -540.771484, 803.222656
7.812500, -834.228516, 1158.203125
-43.701172, -816.650391, 1486.328125
-174.072266, -787.353516, 1059.570312
14.648438, -100.341797, 1114.257812
-22.216797, -69.580078, 867.675781
-117.919922, -74.462891, 1260.742188
-202.392578, -59.326172, 1446.289062
-350.830078, -169.677734, 1673.828125
-427.978516, -178.466797, 1479.003906
-213.623047, -71.533203, 1280.273438
-197.021484, -71.533203, 1019.531250
-121.337891, -35.888672, 668.945312
-104.736328, -160.888672, 665.039062
-24.169922, -259.521484, 693.359375
-196.044922, -302.490234, 526.367188
69.335938, -294.189453, 484.375000
-5.126953, -307.861328, 446.777344
-51.025391, -238.525391, 327.148438
-44.189453, -373.779297, 487.304688
-69.091797, -475.341797, 618.164062
-18.310547, -571.533203, 681.152344
-16.357422, -532.958984, 683.593750
115.234375, -260.986328, 652.832031
-27.587891, -103.271484, 739.257812
133.789062, 189.453125, 972.656250
40.527344, 484.863281, 893.554688
-117.431641, 405.761719, 1114.257812
-39.794922, 240.234375, 1500.000000
-130.126953, 68.847656, 1567.382812
