-,-,-
-78.857422, 2.441406, 945.312500
-91.552734, 38.085938, 913.085938
-134.033203, -14.404297, 967.773438
-178.466797, -30.029297, 965.820312
-199.951172, -11.474609, 1045.898438
-108.154297, 33.203125, 1166.503906
-104.248047, 87.890625, 1087.402344
-102.294922, 24.902344, 1251.953125
10.742188, 25.390625, 1253.906250
111.816406, 42.968750, 1314.453125
203.613281, 38.085938, 1302.734375
283.203125, 33.203125, 1216.308594
275.390625, -2.685547, 1107.421875
303.222656, -8.544922, 1012.207031
257.812500, 30.273438, 805.175781
234.375000, -42.724609, 916.015625
208.007812, -10.498047, 819.335938
173.339844, 28.320312, 755.371094
108.886719, -13.427734, 761.718750
125.000000, -17.822266, 756.347656
48.339844, -4.638672, 681.640625
-3.662109, -12.451172, 707.031250
-98.388672, -16.357422, 725.097656
-123.779297, 29.296875, 681.640625
-212.158203, 36.132812, 770.507812
-234.130859, 81.054688, 756.347656
-264.404297, 99.121094, 777.832031
-278.564453, 52.734375, 814.453125
-228.759766, 73.730469, 970.703125
-249.267578, 64.453125, 895.507812
-179.931641, 75.195312, 922.851562
-209.716797, 30.273438, 1095.214844
-275.146484, 35.156250, 969.726562
-238.037109, -25.634766, 1236.328125
-333.251953, -13.427734, 1034.179688
-155.029297, 29.296875, 1148.437500
-236.572266, -55.419922, 1224.121094
-229.736328, -11.474609, 1284.179688
-51.025391, -13.427734, 1117.675781
-139.404297, -58.349609, 1176.269531
-26.611328, -59.326172, 1291.503906
-19.775391, -51.513672, 1205.078125
71.777344, -89.599609, 1290.039062
82.519531, -102.294922, 1288.085938
73.242188, -103.271484, 1327.148438
104.492188, -56.396484, 1208.984375
120.605469, -35.888672, 1067.871094
166.992188, -77.880859, 1088.378906
226.562500, -25.146484, 858.886719
252.441406, 10.742188, 744.140625
286.621094, 17.578125, 759.765625
229.003906, 26.367188, 837.890625
155.273438, 19.531250, 849.609375
100.585938, 7.812500, 817.382812
109.375000, 29.296875, 836.914062
5.371094, 82.031250, 739.257812
6.835938, 73.242188, 642.578125
-24.169922, 59.570312, 681.640625
-72.998047, 37.109375, 733.398438
-135.986328, -22.705078, 740.234375
-174.560547, -20.263672, 855.468750
-169.677734, 40.039062, 763.671875
-234.130859, 47.363281, 763.671875
-233.154297, 16.601562, 852.539062
-253.662109, 67.382812, 901.367188
-220.458984, 88.867188, 877.929688
-185.791016, 83.984375, 963.378906
-239.013672, 48.339844, 969.726562
-216.064453, 18.554688, 1066.406250
-302.001953, -54.443359, 1180.664062
-183.349609, -36.865234, 1172.851562
-206.787109, -61.279297, 1260.742188
-195.068359, -61.279297, 1235.351562
-249.267578, -97.900391, 1177.734375
-150.634766, -65.185547, 1081.054688
-134.033203, -83.740234, 1076.171875
-77.392578, -48.095703, 1064.941406
-31.005859, 12.695312, 1120.117188
-110.595703, -71.044922, 1250.976562
9.765625, 7.812500, 1270.996094
-64.697266, -2.685547, 1184.570312
-9.521484, -28.076172, 1263.671875
-16.357422, 2.929688, 1103.515625
28.320312, 6.835938, 1130.859375
44.433594, -55.419922, 1224.609375
62.500000, 6.835938, 976.562500
83.007812, 14.648438, 926.757812
102.050781, 2.929688, 982.910156
64.453125, 1.464844, 924.804688
69.824219, 6.835938, 880.371094
88.378906, 36.132812, 931.152344
115.722656, 65.429688, 817.382812
69.335938, 34.179688, 818.359375
48.339844, 55.664062, 844.726562
42.480469, 98.632812, 715.820312
-60.302734, 58.593750, 682.617188
-32.470703, 92.285156, 748.535156
-120.361328, 66.406250, 683.593750
-172.119141, 30.273438, 760.742188
-155.029297, 78.125000, 837.890625
-188.232422, 77.148438, 788.085938
-188.720703, 79.101562, 804.199219
-212.158203, 46.386719, 925.781250
-193.115234, 44.433594, 861.328125
-192.138672, 40.039062, 902.343750
-149.169922, 7.812500, 990.234375
-231.201172, 29.296875, 880.371094
-226.806641, -11.474609, 1006.835938
-219.482422, -5.615234, 1036.621094
-299.072266, -13.427734, 1028.320312
-249.755859, -53.466797, 1055.664062
-274.169922, -93.505859, 1119.140625
-240.966797, -107.177734, 1078.125000
-219.482422, -132.568359, 1168.457031
-263.427734, -172.607422, 1136.230469
-80.810547, -129.638672, 1199.707031
-110.595703, -20.751953, 1039.550781
2.441406, -88.623047, 1065.917969
-0.244141, -72.509766, 1072.753906
-,-,-
-256.103516, -103.271484, 885.253906
-316.162109, -133.544922, 965.820312
-328.369141, -92.041016, 1005.859375
-351.806641, -59.326172, 981.933594
-302.490234, -92.529297, 987.792969
-226.318359, -93.994141, 1039.550781
-198.974609, -58.349609, 1120.605469
-154.052734, -39.794922, 1290.039062
-90.087891, -39.794922, 1263.671875
-20.751953, -36.865234, 1260.742188
26.367188, -7.568359, 1258.789062
61.523438, -15.380859, 1208.007812
99.609375, -26.123047, 1122.070312
178.222656, -22.705078, 1125.976562
219.726562, -1.708984, 990.234375
196.777344, -2.197266, 936.035156
200.195312, 9.765625, 918.945312
211.425781, 7.812500, 936.035156
162.109375, 50.781250, 807.128906
223.144531, 100.585938, 773.437500
151.367188, 68.847656, 845.703125
66.406250, 61.523438, 729.980469
30.761719, 55.664062, 765.625000
6.835938, 79.101562, 750.000000
-106.201172, 83.984375, 630.859375
-180.908203, 77.148438, 604.003906
-194.580078, 86.914062, 742.187500
-284.912109, 71.777344, 717.773438
-319.580078, 60.546875, 767.578125
-246.826172, 101.562500, 822.265625
-315.185547, 72.265625, 821.289062
-235.595703, 46.386719, 952.148438
-202.392578, 72.265625, 948.242188
-212.646484, 84.960938, 937.988281
-240.966797, 23.925781, 997.070312
-249.755859, 20.507812, 1065.429688
-227.294922, -14.404297, 1042.968750
-290.771484, -72.509766, 1134.765625
-263.427734, -123.779297, 1177.734375
-194.580078, 311.035156, 693.359375
-219.482422, -300.537109, 1901.855469
-222.900391, 49.316406, 743.164062
78.125000, 125.976562, 1402.832031
-278.564453, -117.431641, 1047.851562
-156.005859, -173.095703, 1043.457031
-106.689453, -68.603516, 1231.445312
28.320312, -29.052734, 1264.648438
59.570312, -9.521484, 1299.804688
60.546875, -14.404297, 1287.109375
54.687500, -18.310547, 1246.582031
120.605469, -21.240234, 1147.460938
232.421875, -1.220703, 986.816406
241.699219, -19.775391, 979.492188
316.894531, -15.380859, 1000.000000
372.558594, 47.363281, 888.671875
306.640625, 77.148438, 784.179688
289.550781, 33.203125, 836.914062
293.945312, 46.386719, 829.589844
249.023438, 93.750000, 665.039062
171.875000, 55.664062, 659.179688
179.199219, 25.878906, 656.250000
99.609375, 34.179688, 583.984375
4.394531, -46.142578, 644.531250
25.390625, 2.441406, 777.832031
-61.767578, 20.507812, 729.003906
-100.830078, -9.521484, 720.703125
-83.740234, -1.708984, 855.957031
-106.689453, 21.972656, 919.921875
-166.259766, -48.095703, 892.578125
-127.197266, -11.474609, 976.562500
-148.193359, -106.201172, 1049.804688
-137.451172, -41.748047, 1025.390625
-194.091797, -102.294922, 1185.546875
-241.943359, -54.443359, 1125.000000
-181.396484, -40.771484, 1186.523438
-253.662109, -86.669922, 1143.066406
-160.400391, -86.669922, 1186.523438
-81.787109, -56.396484, 1171.875000
-131.103516, -36.865234, 1195.800781
10.742188, -11.474609, 1153.320312
3.906250, -38.818359, 1172.363281
-146.728516, -94.970703, 1195.800781
-52.001953, -73.486328, 902.343750
53.222656, -54.443359, 1044.921875
128.417969, -63.232422, 1251.953125
116.210938, -84.716797, 1317.382812
161.132812, -57.373047, 1338.867188
172.851562, -55.419922, 1234.375000
188.964844, -48.095703, 1139.648438
221.191406, -19.775391, 1133.789062
274.902344, 48.828125, 955.566406
188.964844, 43.457031, 900.390625
199.218750, 33.203125, 924.804688
244.140625, 80.078125, 817.382812
216.308594, 143.554688, 735.351562
186.523438, 163.085938, 620.117188
176.757812, 109.375000, 758.789062
162.109375, 130.859375, 675.292969
65.429688, 82.031250, 611.328125
34.179688, 39.062500, 733.398438
20.507812, 23.925781, 724.121094
-127.197266, -12.451172, 730.468750
-41.748047, 62.500000, 829.101562
-160.400391, 33.203125, 780.761719
-122.802734, 61.523438, 774.902344
-131.591797, 66.406250, 893.554688
-203.369141, 14.648438, 914.062500
-168.701172, 33.203125, 925.781250
-241.455078, -22.216797, 1008.789062
-173.095703, -27.099609, 1037.597656
-284.423828, -81.787109, 1135.742188
-216.552734, -74.951172, 1146.484375
-211.181641, -64.208984, 1138.671875
-199.951172, -125.732422, 1117.675781
-138.916016, -80.810547, 1105.468750
-146.728516, -51.025391, 1113.281250
-102.783203, -127.685547, 1171.386719
-30.517578, -80.322266, 1201.660156
79.101562, 6.347656, 1062.988281
147.460938, -26.611328, 954.101562
-,-,-
-261.962891, -59.326172, 993.164062
-319.091797, -131.591797, 998.046875
-411.865234, -121.826172, 981.933594
-309.326172, -150.146484, 936.035156
-222.412109, -95.947266, 868.164062
-63.720703, -72.021484, 922.851562
41.992188, -69.091797, 921.875000
115.722656, -80.810547, 977.539062
101.074219, -133.544922, 1101.562500
87.890625, -168.701172, 1100.585938
64.941406, -159.423828, 1097.656250
102.050781, -166.259766, 1092.285156
33.203125, -137.939453, 1082.519531
-22.216797, -152.099609, 1142.089844
-119.384766, -132.568359, 1078.125000
-153.564453, -76.904297, 1132.812500
-325.927734, -130.615234, 1197.265625
-324.462891, -98.388672, 1143.066406
-396.728516, -138.427734, 1082.031250
-312.744141, -85.693359, 1112.304688
-318.603516, -31.005859, 1014.160156
-354.248047, -23.681641, 977.539062
-304.931641, -4.638672, 1005.859375
-337.158203, 31.250000, 873.046875
-311.767578, 65.429688, 801.269531
-264.892578, 106.445312, 749.511719
-268.798828, 89.843750, 742.187500
-219.482422, 56.640625, 747.070312
-199.462891, 39.062500, 745.117188
-132.568359, 14.648438, 749.023438
-103.271484, -0.244141, 724.609375
-11.474609, 37.109375, 718.750000
32.226562, 62.500000, 698.242188
13.183594, 41.992188, 738.281250
122.070312, 51.757812, 760.742188
127.929688, 14.648438, 756.835938
257.812500, 39.062500, 757.812500
269.531250, 42.968750, 800.781250
297.363281, 20.996094, 829.589844
393.554688, 28.808594, 952.148438
259.765625, -17.333984, 1016.113281
293.457031, -13.427734, 1087.402344
158.691406, -71.533203, 1163.085938
179.199219, -47.119141, 1171.386719
67.871094, -127.685547, 1284.179688
-160.400391, 531.738281, 1113.769531
-16.357422, -124.267578, 1253.906250
-34.912109, -157.958984, 1283.203125
-36.865234, -98.388672, 1192.871094
-24.658203, -90.576172, 1161.132812
27.343750, -23.681641, 1122.070312
-63.232422, -51.025391, 1139.160156
-115.478516, -94.970703, 1229.492188
-162.841797, -36.865234, 1232.421875
-255.126953, -55.419922, 1173.828125
-251.708984, -50.048828, 1139.160156
-293.212891, -74.462891, 1160.156250
-337.646484, -79.833984, 1067.871094
-280.517578, -5.615234, 1036.621094
-369.384766, -2.685547, 886.718750
-316.162109, 40.039062, 801.269531
-223.388672, 64.453125, 815.429688
-241.943359, 48.828125, 723.632812
-197.998047, 31.250000, 699.707031
-89.599609, 26.367188, 753.417969
-94.970703, -14.404297, 693.359375
-29.541016, -4.638672, 668.945312
6.347656, -24.169922, 658.203125
145.019531, 8.789062, 659.179688
164.550781, 0.000000, 652.343750
271.484375, 20.019531, 732.421875
278.808594, -4.638672, 823.242188
328.125000, -45.654297, 937.011719
317.871094, -17.333984, 860.351562
329.589844, -2.685547, 963.867188
313.476562, 17.578125, 937.988281
298.339844, -17.333984, 1032.226562
269.531250, -57.373047, 1242.187500
247.558594, -85.693359, 1010.253906
214.843750, -236.083984, 1285.156250
111.328125, -229.248047, 1178.710938
50.292969, -178.466797, 1105.957031
-2.685547, -116.455078, 1162.109375
18.554688, -78.369141, 1207.031250
-10.009766, -42.236328, 1145.507812
-34.912109, -68.603516, 1223.144531
67.382812, -19.775391, 1287.109375
24.902344, -34.912109, 1159.179688
20.019531, -56.396484, 1177.734375
-40.283203, -62.255859, 1242.187500
-152.587891, -87.646484, 1218.750000
-151.123047, -46.630859, 1224.121094
-260.986328, 11.718750, 1080.078125
-224.365234, 51.757812, 1023.437500
-251.708984, 97.656250, 945.312500
-239.013672, 116.210938, 810.546875
-237.548828, 125.000000, 767.578125
-186.279297, 95.214844, 807.617188
-162.841797, 92.773438, 765.625000
-116.943359, 65.429688, 798.828125
-78.857422, 30.273438, 902.343750
-1.708984, 64.453125, 870.117188
-8.544922, 78.125000, 857.910156
22.460938, 67.382812, 853.515625
46.875000, 86.914062, 796.875000
83.007812, 59.570312, 747.070312
198.242188, 65.429688, 728.515625
220.214844, 80.078125, 648.925781
322.753906, 63.476562, 703.613281
384.765625, 78.125000, 700.683594
313.476562, 35.156250, 714.843750
385.253906, 56.640625, 762.695312
311.523438, 74.218750, 837.890625
304.199219, 77.148438, 966.796875
244.628906, 13.671875, 997.070312
180.664062, -5.615234, 1125.976562
198.242188, -93.017578, 1228.515625
141.601562, -89.599609, 1251.953125
135.742188, 333.496094, 1826.171875
119.140625, -150.146484, 1211.425781
75.683594, -153.076172, 1243.652344
48.339844, -131.591797, 1218.261719
-12.451172, -60.302734, 1090.332031
-49.072266, -78.857422, 1113.281250
-,-,-
270.507812, -43.212891, 1027.832031
224.609375, -75.927734, 985.839844
201.171875, -126.708984, 1001.953125
196.777344, -132.568359, 1062.011719
203.613281, -114.013672, 996.093750
151.855469, -108.154297, 1110.839844
63.964844, -121.337891, 1163.574219
-53.955078, -109.130859, 1257.324219
-152.099609, -151.611328, 1246.582031
-242.431641, -198.974609, 1297.363281
-371.826172, -186.279297, 1211.914062
-381.103516, -135.498047, 1197.753906
-461.181641, -70.068359, 969.726562
-450.439453, -65.185547, 956.054688
-467.529297, -23.681641, 872.070312
-433.837891, 30.273438, 757.812500
-374.755859, 50.781250, 709.960938
-357.177734, -13.427734, 762.695312
-283.447266, 12.695312, 741.210938
-200.927734, -19.775391, 748.046875
-98.876953, -46.142578, 791.015625
9.765625, -2.685547, 775.390625
47.851562, -39.794922, 748.046875
130.859375, -23.681641, 727.050781
261.230469, 24.902344, 697.265625
273.925781, 31.250000, 661.132812
434.570312, 69.335938, 729.003906
432.128906, 47.851562, 764.648438
448.242188, 7.812500, 779.785156
457.031250, -16.357422, 885.253906
390.625000, -70.068359, 975.585938
343.261719, -100.341797, 976.562500
198.242188, -212.646484, 1167.480469
170.410156, -253.662109, 1297.363281
9.765625, -208.740234, 1146.972656
45.410156, -197.998047, 1358.398438
15.625000, -143.798828, 1209.960938
13.183594, -134.033203, 1182.617188
-51.025391, -134.521484, 1139.160156
-215.087891, -237.548828, 1439.453125
-166.259766, -184.326172, 1165.527344
-247.802734, -223.388672, 1229.492188
-254.150391, -175.537109, 1224.609375
-393.310547, -167.724609, 1067.382812
-391.845703, -122.314453, 1166.503906
-427.978516, -52.490234, 1033.203125
-385.498047, -2.685547, 896.484375
-324.462891, 50.292969, 825.195312
-318.603516, 37.109375, 750.000000
-239.013672, 27.343750, 730.468750
-226.318359, -8.544922, 761.718750
-169.677734, -12.451172, 793.945312
-110.107422, 27.343750, 791.992188
-45.166016, 36.132812, 831.542969
-61.767578, 36.132812, 762.695312
12.207031, 69.824219, 788.085938
29.296875, 46.386719, 746.093750
42.480469, 36.132812, 702.148438
144.531250, 63.476562, 723.632812
133.300781, 40.039062, 707.031250
337.402344, 109.375000, 722.167969
383.789062, 87.890625, 739.257812
487.792969, 114.257812, 740.234375
528.320312, 42.968750, 873.046875
523.925781, -25.634766, 1013.183594
343.261719, -184.326172, 1084.960938
345.214844, -309.326172, 1352.539062
125.976562, -272.216797, 1208.007812
172.363281, -201.416016, 1364.257812
103.515625, -117.431641, 1132.812500
57.617188, -109.130859, 1202.148438
51.269531, -31.005859, 1212.890625
7.812500, -30.029297, 998.046875
-188.720703, -66.162109, 1453.613281
-153.564453, -57.373047, 1120.605469
-130.615234, -51.513672, 1138.671875
-271.240234, -228.271484, 1350.097656
-295.654297, -201.904297, 1287.109375
-373.779297, -172.607422, 1134.765625
-386.962891, -159.912109, 1129.882812
-372.802734, -81.787109, 910.644531
-384.521484, -56.396484, 830.566406
-268.798828, -19.287109, 847.656250
-322.021484, -37.841797, 736.328125
-273.681641, -21.240234, 700.683594
-192.626953, -39.794922, 686.523438
-147.705078, -10.498047, 715.820312
-54.931641, 8.789062, 753.417969
-24.169922, -20.263672, 797.363281
38.574219, -4.638672, 757.812500
79.101562, -2.197266, 760.742188
168.457031, 58.593750, 722.656250
190.917969, 41.992188, 660.156250
217.773438, 21.484375, 821.289062
330.566406, 71.289062, 757.812500
317.871094, 68.847656, 790.039062
345.214844, 89.843750, 929.687500
315.429688, 81.054688, 889.648438
237.792969, 0.000000, 1085.937500
250.000000, -71.533203, 1087.890625
236.816406, -129.638672, 1083.984375
247.558594, -167.236328, 1354.003906
133.789062, -148.193359, 1247.558594
102.050781, -118.408203, 1331.542969
-25.634766, 0.488281, 1071.289062
-93.017578, -62.255859, 1096.191406
-237.548828, -100.341797, 1152.343750
-204.345703, -86.669922, 1044.433594
-,-,-
20.507812, -203.857422, 990.234375
23.925781, -297.607422, 924.804688
15.625000, -292.236328, 914.062500
-11.962891, -436.279297, 1013.183594
-50.537109, -469.970703, 1069.824219
-65.673828, -408.447266, 986.816406
43.457031, -292.724609, 1067.382812
-82.763672, -124.755859, 1044.921875
56.152344, 32.226562, 1168.457031
-55.908203, 63.476562, 1263.671875
22.949219, 131.835938, 1361.328125
-27.099609, 380.859375, 1251.953125
-23.193359, 378.906250, 1127.929688
57.128906, 198.242188, 1128.906250
1.464844, 83.984375, 1188.476562
-1.708984, 53.710938, 1050.781250
-50.537109, 51.757812, 987.792969
41.992188, 98.632812, 955.078125
58.593750, 131.835938, 943.359375
72.265625, 186.523438, 833.984375
-15.380859, 121.582031, 800.781250
36.132812, 125.976562, 867.187500
29.785156, 137.695312, 685.546875
60.546875, 137.695312, 509.765625
57.617188, 71.289062, 579.101562
35.644531, -17.333984, 543.457031
30.761719, -81.787109, 470.703125
78.125000, -135.498047, 610.351562
25.878906, -260.009766, 618.164062
127.441406, -291.259766, 735.351562
-76.416016, -333.740234, 875.976562
25.390625, -285.888672, 1047.851562
-12.939453, -185.302734, 1005.859375
-63.720703, -201.904297, 1255.859375
-21.240234, -111.083984, 1134.765625
-54.443359, -120.361328, 1250.000000
-27.099609, -137.451172, 1198.730469
-181.396484, -144.775391, 1121.093750
-17.333984, -175.537109, 1202.148438
-124.755859, -195.556641, 1045.898438
16.601562, -226.318359, 1175.781250
81.054688, -148.193359, 1214.355469
41.992188, -144.775391, 994.140625
119.140625, -3.662109, 1122.070312
-82.275391, -16.357422, 1318.359375
-67.138672, -71.044922, 1354.492188
20.019531, 112.304688, 1104.492188
-186.767578, 80.078125, 1131.835938
60.546875, 155.273438, 1225.585938
64.941406, 294.921875, 1149.414062
-87.646484, 141.601562, 1123.046875
55.664062, 172.851562, 1186.523438
150.390625, 322.265625, 1060.058594
127.441406, 408.203125, 771.972656
91.796875, 439.453125, 740.234375
195.800781, 430.175781, 803.222656
25.878906, 422.851562, 599.609375
8.789062, 347.656250, 563.476562
-21.240234, 171.875000, 747.070312
-32.470703, 126.953125, 741.210938
11.230469, 22.949219, 724.121094
30.761719, -23.681641, 632.812500
-79.345703, -74.951172, 721.679688
111.328125, -82.763672, 584.960938
-53.466797, -130.615234, 697.753906
-35.888672, -203.857422, 805.175781
53.710938, -186.279297, 695.312500
-114.501953, -270.263672, 1036.621094
-40.771484, -233.154297, 933.105469
-129.150391, -337.158203, 1191.894531
-78.369141, -242.431641, 1035.644531
-70.556641, -210.693359, 1312.500000
-100.341797, -171.630859, 1377.441406
-38.330078, -128.662109, 1099.121094
-115.478516, -100.341797, 1186.523438
148.437500, -98.388672, 855.957031
-52.978516, -139.892578, 1091.308594
147.460938, -156.982422, 924.804688
166.992188, -131.591797, 1863.769531
-163.818359, 38.085938, 1005.859375
174.316406, -14.404297, 1129.882812
-108.642578, -112.060547, 1184.570312
101.074219, -5.615234, 1132.812500
18.554688, 69.335938, 1149.414062
-152.099609, 21.972656, 1010.253906
96.679688, 175.781250, 1169.921875
40.039062, 337.402344, 1031.738281
-64.208984, 418.945312, 867.187500
-62.255859, 223.632812, 1160.156250
57.617188, 215.332031, 1243.652344
58.593750, 312.988281, 988.769531
-30.517578, 225.585938, 852.539062
118.652344, 139.648438, 1109.375000
109.863281, 284.179688, 820.312500
-12.451172, 271.484375, 720.703125
-50.048828, 100.585938, 855.468750
-97.412109, 77.148438, 901.367188
-84.716797, 49.316406, 741.210938
26.855469, 91.796875, 669.921875
17.578125, 81.054688, 664.062500
-29.052734, 28.320312, 677.734375
12.207031, 52.734375, 557.617188
44.433594, -20.263672, 617.187500
-4.638672, -189.208984, 792.968750
13.183594, -210.693359, 794.921875
-8.056641, -244.873047, 810.058594
24.414062, -324.951172, 924.804688
53.710938, -308.349609, 837.890625
32.714844, -312.744141, 906.250000
1.464844, -336.181641, 1078.125000
74.218750, -330.810547, 1065.917969
-32.470703, -299.560547, 1169.921875
54.199219, -266.845703, 1156.250000
2.929688, -265.380859, 1142.089844
3.417969, -277.099609, 1154.296875
68.359375, -316.162109, 1077.148438
-57.373047, -304.443359, 1040.527344
127.441406, -378.173828, 1716.308594
3.417969, -90.576172, 779.785156
162.109375, -16.357422, 841.796875
52.246094, -135.498047, 1294.433594
89.843750, -22.216797, 930.664062
135.742188, 23.925781, 1062.011719
-3.662109, 45.410156, 1078.125000
-,-,-
2.929688, -203.857422, 957.031250
10.742188, -315.673828, 966.796875
38.574219, -359.619141, 992.187500
-42.724609, -392.333984, 1101.562500
-21.728516, -395.263672, 1160.156250
25.878906, -285.888672, 1143.066406
-23.193359, -243.896484, 1124.023438
10.253906, -235.107422, 1196.777344
36.621094, -65.185547, 1137.695312
-38.330078, -138.427734, 1135.742188
68.359375, -56.396484, 1246.582031
64.941406, 140.625000, 1121.582031
92.773438, 151.367188, 1007.812500
55.175781, 116.210938, 1179.687500
52.734375, 109.375000, 1117.675781
49.316406, 222.656250, 895.507812
41.992188, 210.937500, 866.210938
90.820312, 189.941406, 849.609375
18.066406, 119.628906, 812.500000
57.617188, 69.335938, 824.218750
2.441406, 45.898438, 670.898438
-47.607422, -6.591797, 631.835938
51.269531, 2.929688, 670.898438
49.316406, -19.287109, 541.015625
22.460938, -142.333984, 446.289062
-14.892578, -149.169922, 459.960938
-54.443359, -319.091797, 689.453125
10.253906, -354.248047, 666.992188
-58.837891, -447.021484, 827.148438
-35.888672, -478.759766, 989.746094
-57.861328, -479.248047, 966.796875
-168.701172, -715.576172, 1324.707031
-19.775391, -540.771484, 1174.804688
-74.951172, -401.123047, 1326.660156
35.644531, -284.912109, 1153.320312
-70.556641, -140.380859, 883.300781
54.199219, -191.650391, 1143.066406
-39.306641, -145.751953, 958.007812
15.625000, -219.482422, 1136.718750
-12.939453, -313.720703, 1184.570312
45.410156, -83.740234, 915.039062
-15.380859, -104.248047, 1270.507812
-55.419922, -92.529297, 1186.523438
58.593750, -90.576172, 1300.292969
-24.169922, -36.865234, 1252.929688
-33.935547, -59.326172, 1198.242188
70.312500, 41.015625, 1161.132812
-64.697266, 21.972656, 998.046875
-24.169922, 67.382812, 1140.625000
64.453125, 267.578125, 1052.734375
19.042969, 359.863281, 813.476562
-95.947266, 237.304688, 852.539062
29.296875, 220.703125, 1005.859375
86.914062, 269.531250, 851.562500
29.785156, 260.253906, 667.968750
-29.052734, 200.195312, 765.625000
19.042969, 172.851562, 762.207031
-53.955078, 70.800781, 623.535156
-13.427734, 43.945312, 591.796875
57.617188, -5.615234, 690.429688
-61.767578, -162.841797, 673.339844
9.765625, -143.798828, 624.511719
2.929688, -241.455078, 803.222656
-15.380859, -269.775391, 678.222656
58.105469, -314.697266, 776.855469
-3.662109, -463.623047, 1021.484375
20.019531, -428.466797, 986.816406
-21.240234, -474.365234, 1208.007812
18.066406, -417.724609, 1146.972656
-22.705078, -341.552734, 1142.089844
-33.935547, -242.919922, 1021.484375
-30.517578, -191.650391, 1012.207031
-81.298828, -203.857422, 1018.066406
62.988281, -247.802734, 1092.285156
50.292969, -216.064453, 1231.445312
124.023438, -225.341797, 1072.753906
50.292969, -205.810547, 1370.605469
80.566406, -31.005859, 1006.835938
11.230469, -19.287109, 1184.570312
-86.669922, -66.162109, 1193.847656
99.609375, -2.197266, 1194.824219
-67.138672, -150.146484, 1098.632812
29.785156, -126.708984, 1225.585938
62.011719, -4.638672, 1133.789062
-56.884766, -2.685547, 981.445312
20.507812, 98.632812, 1005.859375
9.765625, 224.609375, 875.000000
3.417969, 179.687500, 959.472656
-11.962891, 162.109375, 992.187500
-14.892578, 84.960938, 1021.484375
-6.103516, 108.398438, 1041.992188
-6.591797, 150.390625, 957.519531
10.742188, 144.042969, 921.875000
-61.767578, 100.585938, 820.312500
-22.705078, 41.015625, 823.242188
76.660156, 72.753906, 885.253906
-33.935547, 60.546875, 673.339844
-32.470703, 69.335938, 591.796875
62.500000, 75.195312, 740.234375
-18.310547, 3.906250, 723.144531
47.363281, 22.949219, 583.007812
6.835938, -73.974609, 674.316406
-26.611328, -125.732422, 793.945312
97.167969, -167.236328, 775.878906
-1.220703, -267.822266, 940.917969
25.878906, -330.810547, 1089.355469
34.179688, -339.111328, 1189.453125
-29.052734, -422.607422, 1205.078125
29.785156, -321.044922, 1139.648438
-59.326172, -316.162109, 1125.000000
4.394531, -265.869141, 1066.406250
20.507812, -218.017578, 1105.468750
-73.486328, -327.880859, 1091.308594
-55.908203, -114.990234, 1063.964844
52.734375, -80.810547, 1128.906250
137.207031, 47.363281, 1159.179688
7.812500, 168.457031, 1065.917969
-,-,-
82.031250, -56.396484, 802.246094
59.570312, -30.029297, 736.328125
17.578125, 29.296875, 689.453125
12.695312, 108.398438, 780.273438
-31.494141, 107.421875, 969.726562
18.066406, 72.265625, 1154.296875
66.894531, 74.707031, 1207.031250
34.667969, 156.250000, 1145.996094
-21.728516, 122.558594, 1079.101562
-66.650391, -215.087891, 1447.265625
77.148438, -283.447266, 1375.488281
-22.216797, -445.068359, 1192.871094
49.316406, -489.990234, 1170.410156
-13.916016, -610.107422, 1337.890625
-56.884766, -617.919922, 1190.917969
-80.810547, -514.404297, 955.078125
-79.833984, -502.685547, 838.867188
-75.439453, -456.298828, 825.683594
-102.294922, -342.529297, 572.753906
-13.427734, -310.302734, 819.335938
-22.216797, -278.076172, 570.800781
62.988281, -212.646484, 616.210938
61.523438, -231.201172, 766.601562
92.773438, -155.029297, 675.292969
126.953125, 23.925781, 677.734375
68.847656, -94.970703, 833.984375
176.269531, 55.664062, 910.644531
94.238281, 148.437500, 764.648438
149.414062, 247.070312, 638.671875
8.789062, 267.089844, 688.476562
15.625000, 228.515625, 849.609375
37.597656, 275.390625, 914.062500
41.992188, 168.457031, 947.265625
60.058594, 62.500000, 1074.218750
25.390625, 83.984375, 1025.390625
59.570312, 30.273438, 1112.304688
92.773438, -13.427734, 1230.468750
22.460938, 25.878906, 1090.332031
20.019531, -2.197266, 1107.421875
19.042969, -24.658203, 1185.546875
-350.830078, -382.080078, 1590.332031
-74.951172, 135.253906, 930.664062
30.761719, 166.503906, 1133.789062
-3.662109, 122.070312, 1186.523438
34.179688, 83.007812, 1137.695312
134.277344, -13.427734, 1106.445312
-12.939453, -154.052734, 1251.953125
55.664062, -263.916016, 1328.125000
48.339844, -245.849609, 1187.500000
-39.794922, -264.892578, 1200.195312
8.789062, -271.240234, 1041.992188
-14.404297, -272.216797, 975.585938
-29.052734, -225.341797, 898.437500
-57.373047, -236.083984, 760.742188
31.738281, -198.974609, 671.875000
-41.748047, -224.365234, 595.703125
45.410156, -197.998047, 568.359375
65.917969, -156.982422, 632.812500
11.230469, -118.896484, 613.281250
11.718750, -88.623047, 772.460938
-49.560547, -107.177734, 821.289062
38.574219, -43.701172, 826.171875
-87.158203, 8.789062, 956.054688
36.621094, 10.742188, 966.796875
-29.052734, 75.195312, 935.058594
-102.783203, 121.582031, 924.804688
28.320312, 161.132812, 1038.574219
-113.037109, 180.664062, 873.046875
120.605469, 182.617188, 1019.531250
13.183594, 114.257812, 960.449219
0.488281, 9.765625, 1013.183594
3.417969, -55.419922, 1123.046875
36.132812, -2.197266, 1133.789062
105.468750, 79.101562, 1178.710938
50.292969, -24.658203, 1110.351562
125.976562, -27.099609, 1104.980469
-32.958984, -12.451172, 1229.492188
27.343750, -221.923828, 1621.093750
145.996094, 131.347656, 1017.089844
27.343750, -126.708984, 1062.988281
133.300781, -132.568359, 1077.148438
124.511719, -266.357422, 1173.339844
57.128906, -431.884766, 1173.828125
60.546875, -739.013672, 1428.222656
39.550781, -524.169922, 1341.796875
-48.583984, -553.955078, 1196.777344
-46.630859, -397.216797, 921.875000
-60.302734, -425.537109, 747.070312
8.789062, -534.912109, 951.171875
-61.279297, -461.669922, 801.269531
-3.173828, -321.044922, 620.117188
-3.662109, -289.306641, 603.515625
-32.958984, -287.353516, 742.187500
91.796875, -134.521484, 618.164062
17.578125, -132.568359, 647.949219
45.898438, -81.787109, 727.050781
25.878906, -32.958984, 686.523438
-18.798828, 39.062500, 713.867188
60.546875, 164.062500, 682.617188
2.929688, 202.148438, 756.835938
-37.353516, 253.906250, 733.398438
-29.052734, 176.757812, 864.257812
-121.337891, 155.273438, 1077.148438
-72.998047, 176.757812, 875.000000
1.464844, 47.851562, 1133.789062
-21.728516, 116.699219, 1220.214844
-2.685547, 118.164062, 1116.699219
-56.396484, 2.929688, 1258.789062
39.550781, -3.662109, 1235.351562
-,-,-
-9.033203, 108.398438, 960.449219
-38.330078, 97.167969, 1186.035156
-83.251953, -171.142578, 1663.574219
13.183594, 205.078125, 1121.582031
41.503906, 138.671875, 1121.582031
32.714844, 93.261719, 1084.960938
-99.365234, -128.662109, 1178.710938
-45.166016, -260.009766, 1191.894531
-165.283203, -417.724609, 1227.539062
-149.658203, -535.888672, 1209.960938
-135.498047, -695.556641, 1125.976562
-100.341797, -681.396484, 913.085938
-13.427734, -712.158203, 713.867188
-60.302734, -528.564453, 536.132812
-21.240234, -591.064453, 764.648438
-93.994141, -528.076172, 640.625000
-70.556641, -412.841797, 525.878906
25.878906, -311.767578, 626.464844
-17.333984, -243.896484, 666.015625
115.722656, -136.474609, 695.312500
-31.982422, -126.708984, 703.613281
48.339844, -49.560547, 833.007812
164.550781, 54.687500, 821.289062
-53.955078, 161.132812, 776.855469
80.078125, 238.769531, 804.199219
57.128906, 346.679688, 744.140625
-101.318359, 309.570312, 826.171875
30.273438, 199.218750, 1104.492188
-76.416016, 124.023438, 1029.785156
-52.978516, 77.148438, 1162.109375
-11.962891, 57.617188, 1224.609375
-75.927734, 83.984375, 1248.046875
19.042969, 144.042969, 1155.273438
-106.689453, 13.671875, 1083.496094
-225.341797, -169.189453, 1999.755859
-43.212891, 145.996094, 1007.812500
-22.216797, 81.054688, 1030.761719
115.722656, 3.906250, 899.414062
83.496094, -202.880859, 1141.113281
108.398438, -304.443359, 1135.742188
-65.185547, -414.306641, 1239.746094
-109.619141, -599.853516, 1397.949219
-48.583984, -531.982422, 1311.523438
-50.048828, -385.498047, 1109.375000
-73.974609, -325.927734, 874.023438
-37.353516, -287.353516, 1013.183594
8.789062, -268.310547, 873.046875
-5.126953, -277.099609, 767.578125
-29.541016, -260.498047, 768.554688
39.062500, -281.982422, 645.996094
30.273438, -199.951172, 550.781250
48.828125, -88.623047, 486.328125
70.312500, -60.302734, 632.812500
54.687500, -27.099609, 761.718750
69.824219, 96.679688, 669.433594
42.480469, 63.476562, 760.742188
88.867188, 121.582031, 894.531250
74.218750, 140.625000, 883.300781
-21.240234, 58.593750, 973.632812
105.957031, 177.734375, 1006.835938
25.878906, 190.429688, 842.773438
-19.775391, 112.304688, 985.839844
4.394531, 111.328125, 930.664062
60.546875, 153.320312, 953.613281
107.910156, 140.625000, 1011.230469
24.414062, 40.039062, 1071.289062
56.152344, -1.708984, 1257.812500
-17.822266, 65.429688, 1144.042969
4.394531, 34.179688, 1096.679688
43.945312, 88.867188, 1172.851562
2.929688, 14.648438, 1231.445312
157.226562, -385.009766, 1531.738281
200.195312, 85.937500, 927.734375
23.925781, 17.089844, 1065.917969
128.417969, -65.673828, 1197.753906
180.175781, -189.697266, 1253.906250
74.218750, -387.939453, 1540.039062
30.761719, -382.080078, 1340.332031
41.992188, -391.357422, 1273.925781
-16.357422, -425.537109, 1132.812500
-41.748047, -330.810547, 954.101562
10.253906, -259.521484, 848.632812
1.953125, -203.857422, 723.144531
8.789062, -190.185547, 761.718750
28.320312, -130.615234, 610.351562
45.898438, -150.146484, 675.292969
58.593750, -195.068359, 703.125000
41.992188, -239.501953, 606.445312
-22.216797, -254.638672, 666.015625
58.105469, -169.677734, 697.265625
-51.025391, -228.271484, 750.488281
21.484375, -90.576172, 814.453125
-44.677734, -73.486328, 867.187500
-102.783203, 11.718750, 883.300781
-24.658203, 113.281250, 958.007812
-192.138672, 114.257812, 871.093750
-13.916016, 206.054688, 886.718750
-25.634766, 240.722656, 990.234375
-114.013672, 186.523438, 976.562500
5.371094, 155.273438, 970.703125
-22.216797, 113.281250, 1046.875000
25.878906, 101.562500, 1045.898438
-46.142578, 11.718750, 995.117188
40.039062, 9.765625, 1242.187500
53.710938, 77.148438, 1353.515625
-80.810547, 74.218750, 1168.457031
-40.283203, 30.273438, 1131.835938
-40.283203, 18.554688, 1194.824219
-45.166016, -146.240234, 979.003906
56.152344, -211.669922, 978.515625
-93.505859, -386.962891, 1034.179688
-44.189453, -503.173828, 984.863281
32.714844, -446.044922, 975.585938
0.000000, -384.033203, 928.710938
72.265625, -316.162109, 1050.781250
